6.520000000000000000e+02
5.750000000000000000e+02
5.700000000000000000e+02
5.400000000000000000e+02
5.770000000000000000e+02
5.970000000000000000e+02
6.400000000000000000e+02
6.470000000000000000e+02
6.000000000000000000e+02
5.060000000000000000e+02
4.080000000000000000e+02
3.260000000000000000e+02
2.470000000000000000e+02
1.310000000000000000e+02
1.500000000000000000e+02
1.400000000000000000e+02
1.350000000000000000e+02
1.320000000000000000e+02
1.110000000000000000e+02
1.040000000000000000e+02
1.080000000000000000e+02
1.170000000000000000e+02
1.290000000000000000e+02
1.090000000000000000e+02
8.500000000000000000e+01
1.210000000000000000e+02
1.300000000000000000e+02
1.260000000000000000e+02
1.470000000000000000e+02
1.450000000000000000e+02
1.400000000000000000e+02
1.590000000000000000e+02
1.550000000000000000e+02
1.820000000000000000e+02
1.900000000000000000e+02
1.950000000000000000e+02
2.030000000000000000e+02
2.020000000000000000e+02
1.760000000000000000e+02
1.900000000000000000e+02
1.820000000000000000e+02
1.650000000000000000e+02
1.830000000000000000e+02
1.900000000000000000e+02
1.840000000000000000e+02
2.420000000000000000e+02
2.520000000000000000e+02
2.990000000000000000e+02
3.490000000000000000e+02
3.700000000000000000e+02
4.570000000000000000e+02
5.110000000000000000e+02
5.690000000000000000e+02
6.670000000000000000e+02
7.480000000000000000e+02
8.250000000000000000e+02
8.770000000000000000e+02
8.700000000000000000e+02
8.030000000000000000e+02
7.310000000000000000e+02
6.560000000000000000e+02
5.720000000000000000e+02
4.840000000000000000e+02
4.430000000000000000e+02
3.970000000000000000e+02
4.330000000000000000e+02
4.190000000000000000e+02
4.110000000000000000e+02
4.560000000000000000e+02
4.830000000000000000e+02
4.780000000000000000e+02
4.850000000000000000e+02
5.210000000000000000e+02
5.100000000000000000e+02
5.240000000000000000e+02
4.880000000000000000e+02
5.030000000000000000e+02
5.320000000000000000e+02
5.880000000000000000e+02
5.990000000000000000e+02
6.400000000000000000e+02
6.720000000000000000e+02
6.930000000000000000e+02
6.620000000000000000e+02
6.130000000000000000e+02
5.820000000000000000e+02
5.930000000000000000e+02
5.990000000000000000e+02
6.150000000000000000e+02
6.470000000000000000e+02
6.490000000000000000e+02
6.550000000000000000e+02
6.860000000000000000e+02
7.060000000000000000e+02
7.750000000000000000e+02
8.350000000000000000e+02
8.980000000000000000e+02
9.920000000000000000e+02
1.130000000000000000e+03
1.294000000000000000e+03
1.446000000000000000e+03
1.660000000000000000e+03
1.922000000000000000e+03
2.202000000000000000e+03
2.460000000000000000e+03
2.754000000000000000e+03
3.059000000000000000e+03
3.356000000000000000e+03
3.581000000000000000e+03
3.729000000000000000e+03
3.867000000000000000e+03
3.909000000000000000e+03
3.901000000000000000e+03
3.860000000000000000e+03
3.806000000000000000e+03
3.849000000000000000e+03
3.977000000000000000e+03
4.229000000000000000e+03
4.547000000000000000e+03
4.933000000000000000e+03
5.260000000000000000e+03
5.621000000000000000e+03
6.010000000000000000e+03
6.405000000000000000e+03
6.790000000000000000e+03
7.154000000000000000e+03
7.525000000000000000e+03
7.866000000000000000e+03
8.138000000000000000e+03
8.485000000000000000e+03
8.963000000000000000e+03
9.574000000000000000e+03
1.030000000000000000e+04
1.115600000000000000e+04
1.215700000000000000e+04
1.335900000000000000e+04
1.463800000000000000e+04
1.595900000000000000e+04
1.716500000000000000e+04
1.829800000000000000e+04
1.951200000000000000e+04
2.080700000000000000e+04
2.223000000000000000e+04
2.359700000000000000e+04
2.488800000000000000e+04
2.608600000000000000e+04
2.714900000000000000e+04
2.807100000000000000e+04
2.892300000000000000e+04
2.976800000000000000e+04
3.057500000000000000e+04
3.135500000000000000e+04
3.208000000000000000e+04
3.263700000000000000e+04
3.304800000000000000e+04
3.337500000000000000e+04
3.323000000000000000e+04
3.276200000000000000e+04
3.208700000000000000e+04
3.121400000000000000e+04
3.014300000000000000e+04
2.886400000000000000e+04
2.734300000000000000e+04
2.569300000000000000e+04
2.399000000000000000e+04
2.234700000000000000e+04
2.069800000000000000e+04
1.902400000000000000e+04
1.736100000000000000e+04
1.570000000000000000e+04
1.407200000000000000e+04
1.255500000000000000e+04
1.114500000000000000e+04
9.815000000000000000e+03
8.524000000000000000e+03
7.374000000000000000e+03
6.337000000000000000e+03
5.455000000000000000e+03
4.741000000000000000e+03
4.146000000000000000e+03
3.628000000000000000e+03
3.150000000000000000e+03
2.801000000000000000e+03
2.540000000000000000e+03
2.371000000000000000e+03
2.217000000000000000e+03
2.170000000000000000e+03
2.146000000000000000e+03
2.126000000000000000e+03
2.125000000000000000e+03
2.101000000000000000e+03
2.079000000000000000e+03
2.051000000000000000e+03
2.051000000000000000e+03
2.058000000000000000e+03
2.081000000000000000e+03
2.048000000000000000e+03
2.053000000000000000e+03
2.053000000000000000e+03
1.999000000000000000e+03
1.912000000000000000e+03
1.891000000000000000e+03
1.843000000000000000e+03
1.763000000000000000e+03
1.707000000000000000e+03
1.639000000000000000e+03
1.571000000000000000e+03
1.475000000000000000e+03
1.392000000000000000e+03
1.337000000000000000e+03
1.279000000000000000e+03
1.241000000000000000e+03
1.241000000000000000e+03
1.316000000000000000e+03
1.426000000000000000e+03
1.516000000000000000e+03
1.608000000000000000e+03
1.674000000000000000e+03
1.678000000000000000e+03
1.652000000000000000e+03
1.596000000000000000e+03
1.509000000000000000e+03
1.437000000000000000e+03
1.382000000000000000e+03
1.316000000000000000e+03
1.179000000000000000e+03
1.099000000000000000e+03
9.690000000000000000e+02
8.150000000000000000e+02
6.560000000000000000e+02
5.170000000000000000e+02
4.050000000000000000e+02
2.960000000000000000e+02
1.540000000000000000e+02
1.560000000000000000e+02
1.520000000000000000e+02
1.480000000000000000e+02
1.530000000000000000e+02
1.710000000000000000e+02
2.080000000000000000e+02
2.120000000000000000e+02
2.650000000000000000e+02
3.140000000000000000e+02
3.520000000000000000e+02
3.400000000000000000e+02
3.210000000000000000e+02
3.020000000000000000e+02
2.740000000000000000e+02
1.860000000000000000e+02
1.500000000000000000e+02
1.550000000000000000e+02
1.660000000000000000e+02
1.460000000000000000e+02
1.690000000000000000e+02
1.600000000000000000e+02
1.430000000000000000e+02
1.470000000000000000e+02
1.450000000000000000e+02
1.520000000000000000e+02
1.420000000000000000e+02
1.540000000000000000e+02
1.070000000000000000e+02
1.300000000000000000e+02
1.350000000000000000e+02
1.570000000000000000e+02
1.270000000000000000e+02
1.480000000000000000e+02
1.620000000000000000e+02
1.980000000000000000e+02
1.930000000000000000e+02
1.750000000000000000e+02
1.340000000000000000e+02
1.300000000000000000e+02
1.130000000000000000e+02
1.050000000000000000e+02
1.250000000000000000e+02
9.700000000000000000e+01
1.430000000000000000e+02
1.640000000000000000e+02
1.340000000000000000e+02
1.630000000000000000e+02
1.550000000000000000e+02
1.520000000000000000e+02
1.820000000000000000e+02
1.790000000000000000e+02
1.990000000000000000e+02
2.300000000000000000e+02
2.560000000000000000e+02
3.220000000000000000e+02
3.680000000000000000e+02
4.450000000000000000e+02
5.650000000000000000e+02
6.930000000000000000e+02
7.790000000000000000e+02
8.700000000000000000e+02
9.100000000000000000e+02
9.460000000000000000e+02
8.930000000000000000e+02
8.300000000000000000e+02
7.660000000000000000e+02
6.590000000000000000e+02
5.820000000000000000e+02
4.750000000000000000e+02
4.430000000000000000e+02
3.460000000000000000e+02
3.300000000000000000e+02
2.980000000000000000e+02
2.650000000000000000e+02
2.780000000000000000e+02
3.200000000000000000e+02
3.430000000000000000e+02
3.810000000000000000e+02
4.220000000000000000e+02
4.620000000000000000e+02
4.630000000000000000e+02
4.710000000000000000e+02
4.140000000000000000e+02
3.780000000000000000e+02
3.360000000000000000e+02
3.470000000000000000e+02
3.440000000000000000e+02
3.700000000000000000e+02
3.750000000000000000e+02
4.480000000000000000e+02
4.750000000000000000e+02
4.760000000000000000e+02
4.800000000000000000e+02
4.190000000000000000e+02
3.380000000000000000e+02
2.920000000000000000e+02
2.680000000000000000e+02
2.030000000000000000e+02
1.890000000000000000e+02
1.760000000000000000e+02
1.730000000000000000e+02
2.530000000000000000e+02
3.030000000000000000e+02
3.280000000000000000e+02
3.280000000000000000e+02
2.890000000000000000e+02
2.220000000000000000e+02
1.690000000000000000e+02
1.490000000000000000e+02
1.570000000000000000e+02
1.210000000000000000e+02
1.350000000000000000e+02
1.490000000000000000e+02
1.250000000000000000e+02
1.150000000000000000e+02
1.430000000000000000e+02
1.660000000000000000e+02
2.170000000000000000e+02
2.770000000000000000e+02
3.190000000000000000e+02
3.670000000000000000e+02
4.680000000000000000e+02
5.110000000000000000e+02
5.560000000000000000e+02
5.930000000000000000e+02
5.660000000000000000e+02
5.530000000000000000e+02
4.720000000000000000e+02
3.700000000000000000e+02
3.650000000000000000e+02
3.260000000000000000e+02
2.180000000000000000e+02
1.630000000000000000e+02
1.390000000000000000e+02
1.010000000000000000e+02
1.130000000000000000e+02
1.070000000000000000e+02
8.700000000000000000e+01
9.000000000000000000e+01
9.300000000000000000e+01
1.190000000000000000e+02
1.070000000000000000e+02
1.320000000000000000e+02
1.230000000000000000e+02
1.130000000000000000e+02
8.600000000000000000e+01
8.700000000000000000e+01
7.400000000000000000e+01
1.000000000000000000e+02
1.170000000000000000e+02
1.370000000000000000e+02
1.560000000000000000e+02
1.590000000000000000e+02
1.760000000000000000e+02
1.620000000000000000e+02
1.640000000000000000e+02
1.480000000000000000e+02
1.290000000000000000e+02
1.100000000000000000e+02
9.700000000000000000e+01
1.030000000000000000e+02
7.500000000000000000e+01
8.700000000000000000e+01
8.900000000000000000e+01
1.030000000000000000e+02
1.070000000000000000e+02
1.070000000000000000e+02
1.100000000000000000e+02
1.140000000000000000e+02
1.210000000000000000e+02
1.270000000000000000e+02
1.300000000000000000e+02
1.190000000000000000e+02
1.240000000000000000e+02
1.130000000000000000e+02
9.300000000000000000e+01
9.500000000000000000e+01
9.100000000000000000e+01
8.500000000000000000e+01
6.300000000000000000e+01
9.700000000000000000e+01
1.130000000000000000e+02
1.100000000000000000e+02
1.290000000000000000e+02
1.250000000000000000e+02
1.480000000000000000e+02
1.640000000000000000e+02
1.420000000000000000e+02
1.340000000000000000e+02
1.160000000000000000e+02
1.100000000000000000e+02
1.020000000000000000e+02
8.900000000000000000e+01
1.160000000000000000e+02
1.060000000000000000e+02
1.230000000000000000e+02
1.350000000000000000e+02
1.310000000000000000e+02
1.370000000000000000e+02
1.390000000000000000e+02
1.400000000000000000e+02
1.850000000000000000e+02
2.430000000000000000e+02
3.010000000000000000e+02
3.340000000000000000e+02
3.690000000000000000e+02
3.890000000000000000e+02
3.710000000000000000e+02
3.190000000000000000e+02
2.740000000000000000e+02
1.970000000000000000e+02
1.250000000000000000e+02
1.490000000000000000e+02
1.710000000000000000e+02
1.800000000000000000e+02
2.350000000000000000e+02
2.510000000000000000e+02
2.440000000000000000e+02
2.210000000000000000e+02
1.670000000000000000e+02
1.370000000000000000e+02
1.360000000000000000e+02
1.320000000000000000e+02
1.300000000000000000e+02
9.700000000000000000e+01
8.900000000000000000e+01
7.600000000000000000e+01
8.800000000000000000e+01
7.900000000000000000e+01
8.000000000000000000e+01
7.100000000000000000e+01
9.800000000000000000e+01
8.900000000000000000e+01
9.400000000000000000e+01
6.600000000000000000e+01
6.100000000000000000e+01
7.500000000000000000e+01
7.600000000000000000e+01
1.050000000000000000e+02
9.400000000000000000e+01
1.230000000000000000e+02
1.340000000000000000e+02
1.270000000000000000e+02
1.130000000000000000e+02
1.190000000000000000e+02
1.340000000000000000e+02
7.100000000000000000e+01
4.700000000000000000e+01
3.100000000000000000e+01
1.900000000000000000e+01
0.000000000000000000e+00
4.200000000000000000e+01
6.200000000000000000e+01
7.500000000000000000e+01
7.900000000000000000e+01
1.080000000000000000e+02
1.200000000000000000e+02
1.000000000000000000e+02
1.400000000000000000e+02
1.140000000000000000e+02
1.170000000000000000e+02
1.030000000000000000e+02
1.150000000000000000e+02
7.700000000000000000e+01
6.800000000000000000e+01
6.800000000000000000e+01
7.000000000000000000e+01
6.500000000000000000e+01
8.600000000000000000e+01
8.900000000000000000e+01
1.020000000000000000e+02
9.800000000000000000e+01
7.900000000000000000e+01
8.600000000000000000e+01
1.250000000000000000e+02
1.240000000000000000e+02
8.300000000000000000e+01
9.300000000000000000e+01
1.160000000000000000e+02
8.700000000000000000e+01
8.400000000000000000e+01
9.200000000000000000e+01
6.400000000000000000e+01
4.600000000000000000e+01
7.300000000000000000e+01
7.500000000000000000e+01
9.800000000000000000e+01
1.220000000000000000e+02
1.420000000000000000e+02
1.340000000000000000e+02
1.030000000000000000e+02
1.040000000000000000e+02
1.110000000000000000e+02
1.040000000000000000e+02
9.800000000000000000e+01
7.500000000000000000e+01
8.800000000000000000e+01
7.700000000000000000e+01
6.100000000000000000e+01
7.600000000000000000e+01
5.900000000000000000e+01
4.400000000000000000e+01
3.800000000000000000e+01
1.800000000000000000e+01
5.000000000000000000e+01
9.400000000000000000e+01
1.200000000000000000e+02
1.000000000000000000e+02
1.260000000000000000e+02
1.270000000000000000e+02
8.000000000000000000e+01
1.030000000000000000e+02
9.000000000000000000e+01
5.700000000000000000e+01
6.200000000000000000e+01
5.000000000000000000e+01
9.000000000000000000e+01
7.100000000000000000e+01
4.800000000000000000e+01
3.800000000000000000e+01
6.700000000000000000e+01
