4.350000000000000000e+02
3.340000000000000000e+02
4.280000000000000000e+02
6.540000000000000000e+02
6.920000000000000000e+02
2.960000000000000000e+02
4.020000000000000000e+02
2.720000000000000000e+02
4.920000000000000000e+02
2.070000000000000000e+02
3.180000000000000000e+02
3.600000000000000000e+02
3.700000000000000000e+02
3.930000000000000000e+02
4.760000000000000000e+02
2.030000000000000000e+02
4.550000000000000000e+02
3.270000000000000000e+02
3.230000000000000000e+02
1.610000000000000000e+02
2.710000000000000000e+02
4.260000000000000000e+02
4.590000000000000000e+02
2.500000000000000000e+02
4.300000000000000000e+02
2.740000000000000000e+02
3.480000000000000000e+02
2.020000000000000000e+02
1.710000000000000000e+02
4.610000000000000000e+02
5.070000000000000000e+02
4.700000000000000000e+02
4.710000000000000000e+02
3.190000000000000000e+02
3.080000000000000000e+02
5.870000000000000000e+02
5.900000000000000000e+02
5.530000000000000000e+02
5.460000000000000000e+02
2.150000000000000000e+02
2.580000000000000000e+02
3.810000000000000000e+02
4.640000000000000000e+02
5.060000000000000000e+02
6.240000000000000000e+02
5.340000000000000000e+02
6.330000000000000000e+02
7.800000000000000000e+01
1.320000000000000000e+02
6.150000000000000000e+02
5.200000000000000000e+02
5.230000000000000000e+02
6.450000000000000000e+02
5.530000000000000000e+02
5.470000000000000000e+02
4.650000000000000000e+02
3.930000000000000000e+02
4.330000000000000000e+02
4.710000000000000000e+02
5.910000000000000000e+02
5.720000000000000000e+02
4.960000000000000000e+02
6.630000000000000000e+02
5.840000000000000000e+02
6.290000000000000000e+02
5.380000000000000000e+02
5.420000000000000000e+02
4.160000000000000000e+02
5.290000000000000000e+02
2.680000000000000000e+02
0.000000000000000000e+00
3.080000000000000000e+02
4.300000000000000000e+02
6.860000000000000000e+02
6.550000000000000000e+02
4.670000000000000000e+02
3.730000000000000000e+02
3.320000000000000000e+02
4.570000000000000000e+02
3.100000000000000000e+02
2.440000000000000000e+02
4.410000000000000000e+02
5.820000000000000000e+02
5.060000000000000000e+02
5.950000000000000000e+02
4.070000000000000000e+02
5.290000000000000000e+02
6.250000000000000000e+02
6.020000000000000000e+02
5.300000000000000000e+02
4.910000000000000000e+02
5.420000000000000000e+02
6.540000000000000000e+02
6.780000000000000000e+02
7.140000000000000000e+02
6.350000000000000000e+02
6.940000000000000000e+02
4.780000000000000000e+02
5.550000000000000000e+02
5.410000000000000000e+02
6.020000000000000000e+02
5.940000000000000000e+02
6.320000000000000000e+02
4.380000000000000000e+02
4.050000000000000000e+02
3.920000000000000000e+02
3.780000000000000000e+02
5.780000000000000000e+02
7.660000000000000000e+02
6.970000000000000000e+02
7.130000000000000000e+02
4.270000000000000000e+02
4.100000000000000000e+02
5.330000000000000000e+02
6.630000000000000000e+02
6.300000000000000000e+02
5.390000000000000000e+02
6.220000000000000000e+02
6.290000000000000000e+02
5.060000000000000000e+02
5.300000000000000000e+02
6.250000000000000000e+02
7.320000000000000000e+02
6.860000000000000000e+02
7.700000000000000000e+02
7.290000000000000000e+02
8.220000000000000000e+02
4.440000000000000000e+02
5.290000000000000000e+02
7.120000000000000000e+02
7.730000000000000000e+02
8.180000000000000000e+02
8.400000000000000000e+02
6.270000000000000000e+02
6.510000000000000000e+02
6.650000000000000000e+02
6.900000000000000000e+02
8.020000000000000000e+02
8.620000000000000000e+02
6.860000000000000000e+02
7.220000000000000000e+02
6.270000000000000000e+02
6.180000000000000000e+02
6.360000000000000000e+02
7.710000000000000000e+02
7.440000000000000000e+02
7.670000000000000000e+02
7.950000000000000000e+02
8.570000000000000000e+02
6.580000000000000000e+02
7.260000000000000000e+02
7.620000000000000000e+02
6.650000000000000000e+02
6.780000000000000000e+02
6.040000000000000000e+02
6.690000000000000000e+02
6.210000000000000000e+02
5.150000000000000000e+02
7.650000000000000000e+02
1.001000000000000000e+03
9.830000000000000000e+02
6.550000000000000000e+02
7.240000000000000000e+02
7.440000000000000000e+02
8.500000000000000000e+02
7.680000000000000000e+02
7.380000000000000000e+02
9.310000000000000000e+02
9.060000000000000000e+02
8.250000000000000000e+02
8.900000000000000000e+02
9.100000000000000000e+02
9.580000000000000000e+02
9.360000000000000000e+02
9.160000000000000000e+02
9.550000000000000000e+02
9.970000000000000000e+02
8.110000000000000000e+02
8.120000000000000000e+02
7.660000000000000000e+02
8.670000000000000000e+02
7.980000000000000000e+02
9.370000000000000000e+02
7.910000000000000000e+02
9.060000000000000000e+02
9.270000000000000000e+02
9.990000000000000000e+02
8.940000000000000000e+02
8.480000000000000000e+02
7.450000000000000000e+02
7.830000000000000000e+02
1.045000000000000000e+03
1.058000000000000000e+03
8.540000000000000000e+02
7.690000000000000000e+02
7.480000000000000000e+02
8.200000000000000000e+02
9.600000000000000000e+02
9.030000000000000000e+02
1.152000000000000000e+03
1.155000000000000000e+03
8.350000000000000000e+02
9.550000000000000000e+02
1.125000000000000000e+03
1.141000000000000000e+03
1.122000000000000000e+03
1.197000000000000000e+03
1.211000000000000000e+03
1.177000000000000000e+03
1.011000000000000000e+03
1.113000000000000000e+03
1.125000000000000000e+03
1.224000000000000000e+03
1.144000000000000000e+03
1.098000000000000000e+03
1.121000000000000000e+03
1.221000000000000000e+03
7.890000000000000000e+02
8.780000000000000000e+02
1.182000000000000000e+03
1.163000000000000000e+03
1.269000000000000000e+03
1.348000000000000000e+03
1.154000000000000000e+03
1.257000000000000000e+03
1.227000000000000000e+03
1.375000000000000000e+03
1.134000000000000000e+03
1.295000000000000000e+03
1.244000000000000000e+03
1.438000000000000000e+03
1.536000000000000000e+03
1.615000000000000000e+03
1.332000000000000000e+03
1.335000000000000000e+03
1.414000000000000000e+03
1.440000000000000000e+03
1.426000000000000000e+03
1.559000000000000000e+03
1.431000000000000000e+03
1.417000000000000000e+03
1.473000000000000000e+03
1.543000000000000000e+03
1.734000000000000000e+03
1.760000000000000000e+03
1.665000000000000000e+03
1.612000000000000000e+03
1.836000000000000000e+03
1.883000000000000000e+03
1.774000000000000000e+03
1.922000000000000000e+03
1.717000000000000000e+03
1.855000000000000000e+03
1.949000000000000000e+03
1.989000000000000000e+03
1.756000000000000000e+03
1.977000000000000000e+03
1.867000000000000000e+03
1.952000000000000000e+03
2.077000000000000000e+03
2.067000000000000000e+03
1.904000000000000000e+03
1.949000000000000000e+03
1.900000000000000000e+03
1.942000000000000000e+03
2.144000000000000000e+03
2.261000000000000000e+03
2.133000000000000000e+03
2.218000000000000000e+03
2.430000000000000000e+03
2.577000000000000000e+03
2.527000000000000000e+03
2.635000000000000000e+03
2.621000000000000000e+03
2.666000000000000000e+03
2.726000000000000000e+03
2.738000000000000000e+03
2.640000000000000000e+03
2.754000000000000000e+03
2.580000000000000000e+03
2.712000000000000000e+03
2.582000000000000000e+03
2.682000000000000000e+03
2.919000000000000000e+03
2.947000000000000000e+03
3.117000000000000000e+03
3.146000000000000000e+03
3.000000000000000000e+03
3.172000000000000000e+03
3.221000000000000000e+03
3.308000000000000000e+03
3.182000000000000000e+03
3.249000000000000000e+03
3.073000000000000000e+03
3.179000000000000000e+03
3.170000000000000000e+03
3.239000000000000000e+03
3.421000000000000000e+03
3.406000000000000000e+03
3.602000000000000000e+03
3.512000000000000000e+03
3.624000000000000000e+03
3.655000000000000000e+03
3.766000000000000000e+03
3.883000000000000000e+03
4.059000000000000000e+03
4.146000000000000000e+03
3.843000000000000000e+03
3.891000000000000000e+03
3.970000000000000000e+03
4.148000000000000000e+03
4.381000000000000000e+03
4.436000000000000000e+03
4.293000000000000000e+03
4.321000000000000000e+03
4.513000000000000000e+03
4.666000000000000000e+03
4.463000000000000000e+03
4.504000000000000000e+03
4.527000000000000000e+03
4.582000000000000000e+03
4.598000000000000000e+03
4.641000000000000000e+03
4.840000000000000000e+03
4.799000000000000000e+03
4.723000000000000000e+03
4.806000000000000000e+03
4.915000000000000000e+03
5.029000000000000000e+03
5.004000000000000000e+03
5.181000000000000000e+03
5.217000000000000000e+03
5.257000000000000000e+03
5.211000000000000000e+03
5.259000000000000000e+03
5.433000000000000000e+03
5.514000000000000000e+03
5.398000000000000000e+03
5.550000000000000000e+03
5.649000000000000000e+03
5.738000000000000000e+03
5.530000000000000000e+03
5.414000000000000000e+03
5.582000000000000000e+03
5.712000000000000000e+03
5.525000000000000000e+03
5.560000000000000000e+03
5.927000000000000000e+03
5.875000000000000000e+03
5.827000000000000000e+03
6.013000000000000000e+03
5.945000000000000000e+03
5.998000000000000000e+03
6.089000000000000000e+03
6.218000000000000000e+03
6.205000000000000000e+03
6.176000000000000000e+03
6.359000000000000000e+03
6.383000000000000000e+03
6.300000000000000000e+03
6.386000000000000000e+03
6.184000000000000000e+03
6.250000000000000000e+03
6.442000000000000000e+03
6.514000000000000000e+03
6.443000000000000000e+03
6.411000000000000000e+03
6.719000000000000000e+03
6.739000000000000000e+03
6.416000000000000000e+03
6.406000000000000000e+03
6.527000000000000000e+03
6.663000000000000000e+03
6.587000000000000000e+03
6.666000000000000000e+03
6.626000000000000000e+03
6.694000000000000000e+03
6.523000000000000000e+03
6.588000000000000000e+03
6.587000000000000000e+03
6.672000000000000000e+03
6.555000000000000000e+03
6.519000000000000000e+03
6.740000000000000000e+03
6.743000000000000000e+03
6.783000000000000000e+03
6.826000000000000000e+03
6.811000000000000000e+03
6.816000000000000000e+03
6.854000000000000000e+03
6.875000000000000000e+03
6.802000000000000000e+03
6.875000000000000000e+03
6.722000000000000000e+03
6.794000000000000000e+03
6.929000000000000000e+03
6.952000000000000000e+03
6.887000000000000000e+03
6.836000000000000000e+03
7.045000000000000000e+03
7.067000000000000000e+03
6.846000000000000000e+03
6.955000000000000000e+03
6.974000000000000000e+03
7.016000000000000000e+03
6.766000000000000000e+03
6.667000000000000000e+03
6.835000000000000000e+03
6.831000000000000000e+03
6.871000000000000000e+03
6.828000000000000000e+03
6.620000000000000000e+03
6.674000000000000000e+03
6.601000000000000000e+03
6.662000000000000000e+03
6.463000000000000000e+03
6.486000000000000000e+03
6.487000000000000000e+03
6.594000000000000000e+03
6.620000000000000000e+03
6.719000000000000000e+03
6.698000000000000000e+03
6.691000000000000000e+03
6.457000000000000000e+03
6.409000000000000000e+03
6.580000000000000000e+03
6.395000000000000000e+03
6.433000000000000000e+03
6.455000000000000000e+03
6.173000000000000000e+03
6.167000000000000000e+03
6.260000000000000000e+03
6.266000000000000000e+03
6.213000000000000000e+03
6.282000000000000000e+03
6.005000000000000000e+03
5.997000000000000000e+03
6.073000000000000000e+03
6.063000000000000000e+03
5.851000000000000000e+03
5.993000000000000000e+03
5.961000000000000000e+03
5.941000000000000000e+03
5.917000000000000000e+03
5.972000000000000000e+03
5.652000000000000000e+03
5.591000000000000000e+03
5.514000000000000000e+03
5.429000000000000000e+03
5.424000000000000000e+03
5.505000000000000000e+03
5.569000000000000000e+03
5.534000000000000000e+03
5.490000000000000000e+03
5.463000000000000000e+03
5.216000000000000000e+03
5.274000000000000000e+03
5.087000000000000000e+03
4.916000000000000000e+03
4.724000000000000000e+03
4.775000000000000000e+03
4.652000000000000000e+03
4.702000000000000000e+03
4.700000000000000000e+03
4.645000000000000000e+03
4.778000000000000000e+03
4.721000000000000000e+03
4.362000000000000000e+03
4.402000000000000000e+03
4.296000000000000000e+03
4.302000000000000000e+03
4.348000000000000000e+03
4.252000000000000000e+03
4.195000000000000000e+03
4.066000000000000000e+03
4.184000000000000000e+03
4.188000000000000000e+03
4.051000000000000000e+03
3.899000000000000000e+03
3.850000000000000000e+03
3.858000000000000000e+03
3.591000000000000000e+03
3.608000000000000000e+03
3.723000000000000000e+03
3.703000000000000000e+03
3.388000000000000000e+03
3.458000000000000000e+03
3.367000000000000000e+03
3.377000000000000000e+03
3.297000000000000000e+03
3.243000000000000000e+03
3.246000000000000000e+03
3.146000000000000000e+03
3.037000000000000000e+03
3.071000000000000000e+03
3.141000000000000000e+03
3.097000000000000000e+03
3.044000000000000000e+03
2.950000000000000000e+03
2.937000000000000000e+03
2.923000000000000000e+03
2.488000000000000000e+03
2.477000000000000000e+03
2.610000000000000000e+03
2.522000000000000000e+03
2.409000000000000000e+03
2.528000000000000000e+03
2.220000000000000000e+03
2.238000000000000000e+03
2.310000000000000000e+03
2.164000000000000000e+03
2.314000000000000000e+03
2.272000000000000000e+03
1.740000000000000000e+03
1.562000000000000000e+03
1.932000000000000000e+03
1.929000000000000000e+03
2.075000000000000000e+03
1.944000000000000000e+03
1.859000000000000000e+03
1.833000000000000000e+03
1.723000000000000000e+03
1.738000000000000000e+03
1.643000000000000000e+03
1.667000000000000000e+03
1.396000000000000000e+03
1.462000000000000000e+03
1.501000000000000000e+03
1.537000000000000000e+03
1.449000000000000000e+03
1.397000000000000000e+03
1.205000000000000000e+03
1.338000000000000000e+03
1.265000000000000000e+03
1.202000000000000000e+03
1.118000000000000000e+03
1.140000000000000000e+03
1.195000000000000000e+03
1.190000000000000000e+03
1.024000000000000000e+03
1.020000000000000000e+03
1.008000000000000000e+03
1.054000000000000000e+03
1.096000000000000000e+03
1.106000000000000000e+03
9.010000000000000000e+02
9.950000000000000000e+02
8.420000000000000000e+02
9.650000000000000000e+02
8.770000000000000000e+02
9.110000000000000000e+02
9.070000000000000000e+02
9.410000000000000000e+02
7.770000000000000000e+02
7.490000000000000000e+02
9.750000000000000000e+02
8.110000000000000000e+02
7.430000000000000000e+02
7.310000000000000000e+02
7.430000000000000000e+02
8.000000000000000000e+02
5.540000000000000000e+02
5.920000000000000000e+02
4.560000000000000000e+02
4.990000000000000000e+02
5.040000000000000000e+02
6.000000000000000000e+02
6.640000000000000000e+02
5.860000000000000000e+02
5.540000000000000000e+02
6.290000000000000000e+02
4.320000000000000000e+02
5.160000000000000000e+02
2.280000000000000000e+02
1.520000000000000000e+02
4.850000000000000000e+02
4.360000000000000000e+02
5.580000000000000000e+02
6.340000000000000000e+02
5.810000000000000000e+02
6.180000000000000000e+02
3.150000000000000000e+02
1.600000000000000000e+02
4.760000000000000000e+02
4.810000000000000000e+02
4.590000000000000000e+02
5.600000000000000000e+02
4.240000000000000000e+02
5.650000000000000000e+02
5.220000000000000000e+02
5.930000000000000000e+02
4.330000000000000000e+02
4.790000000000000000e+02
5.840000000000000000e+02
5.150000000000000000e+02
2.670000000000000000e+02
1.560000000000000000e+02
4.020000000000000000e+02
4.460000000000000000e+02
5.560000000000000000e+02
5.890000000000000000e+02
2.190000000000000000e+02
1.380000000000000000e+02
3.960000000000000000e+02
4.530000000000000000e+02
4.380000000000000000e+02
4.130000000000000000e+02
5.690000000000000000e+02
6.380000000000000000e+02
3.270000000000000000e+02
2.920000000000000000e+02
1.660000000000000000e+02
2.120000000000000000e+02
3.380000000000000000e+02
3.900000000000000000e+02
3.950000000000000000e+02
4.790000000000000000e+02
3.080000000000000000e+02
3.500000000000000000e+02
4.990000000000000000e+02
5.410000000000000000e+02
3.420000000000000000e+02
4.420000000000000000e+02
3.970000000000000000e+02
4.580000000000000000e+02
3.490000000000000000e+02
1.770000000000000000e+02
3.590000000000000000e+02
4.130000000000000000e+02
4.060000000000000000e+02
3.670000000000000000e+02
4.240000000000000000e+02
5.450000000000000000e+02
4.350000000000000000e+02
4.520000000000000000e+02
3.050000000000000000e+02
3.830000000000000000e+02
6.480000000000000000e+02
6.750000000000000000e+02
4.010000000000000000e+02
3.710000000000000000e+02
5.190000000000000000e+02
5.630000000000000000e+02
3.950000000000000000e+02
3.770000000000000000e+02
5.870000000000000000e+02
5.880000000000000000e+02
4.730000000000000000e+02
3.280000000000000000e+02
4.460000000000000000e+02
4.380000000000000000e+02
5.940000000000000000e+02
6.020000000000000000e+02
4.230000000000000000e+02
4.360000000000000000e+02
1.770000000000000000e+02
2.840000000000000000e+02
3.510000000000000000e+02
2.520000000000000000e+02
5.320000000000000000e+02
5.740000000000000000e+02
4.540000000000000000e+02
4.480000000000000000e+02
2.990000000000000000e+02
3.330000000000000000e+02
5.030000000000000000e+02
6.190000000000000000e+02
4.590000000000000000e+02
4.690000000000000000e+02
4.460000000000000000e+02
5.480000000000000000e+02
3.600000000000000000e+02
4.430000000000000000e+02
3.470000000000000000e+02
4.980000000000000000e+02
5.550000000000000000e+02
6.160000000000000000e+02
5.700000000000000000e+02
4.950000000000000000e+02
4.430000000000000000e+02
3.500000000000000000e+02
3.300000000000000000e+02
5.130000000000000000e+02
4.090000000000000000e+02
5.640000000000000000e+02
3.780000000000000000e+02
4.210000000000000000e+02
3.860000000000000000e+02
3.820000000000000000e+02
2.560000000000000000e+02
3.730000000000000000e+02
3.260000000000000000e+02
3.290000000000000000e+02
2.570000000000000000e+02
3.120000000000000000e+02
3.970000000000000000e+02
5.860000000000000000e+02
3.830000000000000000e+02
3.580000000000000000e+02
4.230000000000000000e+02
3.920000000000000000e+02
5.280000000000000000e+02
4.820000000000000000e+02
4.670000000000000000e+02
4.300000000000000000e+02
4.650000000000000000e+02
5.360000000000000000e+02
4.410000000000000000e+02
5.280000000000000000e+02
6.690000000000000000e+02
6.010000000000000000e+02
3.770000000000000000e+02
4.130000000000000000e+02
4.140000000000000000e+02
3.610000000000000000e+02
5.160000000000000000e+02
5.300000000000000000e+02
5.360000000000000000e+02
6.350000000000000000e+02
4.910000000000000000e+02
5.660000000000000000e+02
4.390000000000000000e+02
4.060000000000000000e+02
4.720000000000000000e+02
4.730000000000000000e+02
4.000000000000000000e+02
5.040000000000000000e+02
4.650000000000000000e+02
5.830000000000000000e+02
3.530000000000000000e+02
3.750000000000000000e+02
5.370000000000000000e+02
6.340000000000000000e+02
5.110000000000000000e+02
5.420000000000000000e+02
4.300000000000000000e+02
3.860000000000000000e+02
4.300000000000000000e+02
5.310000000000000000e+02
4.400000000000000000e+02
4.900000000000000000e+02
2.470000000000000000e+02
1.550000000000000000e+02
4.650000000000000000e+02
3.550000000000000000e+02
4.840000000000000000e+02
5.270000000000000000e+02
4.170000000000000000e+02
4.040000000000000000e+02
4.350000000000000000e+02
4.260000000000000000e+02
4.630000000000000000e+02
5.050000000000000000e+02
5.030000000000000000e+02
4.400000000000000000e+02
5.580000000000000000e+02
5.560000000000000000e+02
3.470000000000000000e+02
3.940000000000000000e+02
2.720000000000000000e+02
3.910000000000000000e+02
3.880000000000000000e+02
4.350000000000000000e+02
2.790000000000000000e+02
3.040000000000000000e+02
2.290000000000000000e+02
1.240000000000000000e+02
3.700000000000000000e+02
3.300000000000000000e+02
2.860000000000000000e+02
3.930000000000000000e+02
2.410000000000000000e+02
3.500000000000000000e+02
2.150000000000000000e+02
2.530000000000000000e+02
4.110000000000000000e+02
4.900000000000000000e+02
3.150000000000000000e+02
5.200000000000000000e+02
1.240000000000000000e+02
2.640000000000000000e+02
3.640000000000000000e+02
2.480000000000000000e+02
4.150000000000000000e+02
6.000000000000000000e+02
4.170000000000000000e+02
3.670000000000000000e+02
5.690000000000000000e+02
4.410000000000000000e+02
4.510000000000000000e+02
4.480000000000000000e+02
4.180000000000000000e+02
4.630000000000000000e+02
3.060000000000000000e+02
4.060000000000000000e+02
4.650000000000000000e+02
4.580000000000000000e+02
2.280000000000000000e+02
3.290000000000000000e+02
2.640000000000000000e+02
